153 29 87 66 121 3 12 145 89 73 188 34 92 144 14 19 25 132 46 50
6 172 93 55 11 70 102 44 180 131 18 149 137 162 110 101 185 41 107 165
116 5 156 193 23 106 151 157 115 168 199 178 48 108 173 87 68 191 15 133
126 142 166 183 97 185 160 42 67 84 196 75 79 167 164 27 10 72 38 83
99 122 182 8 123 65 147 190 171 198 1 2 91 4 90 30 154 109 52 111
114 135 105 112 169 189 59 146 24 32 74 6 7 16 13 56 26 37 33 35
81 125 45 36 86 28 187 17 100 195 174 178 53 192 103 197 31 138 176 76
69 148 21 186 20 58 124 40 22 134 43 96 39 9 64 175 139 140 94 95
47 136 119 184 157 60 117 143 63 78 161 120 152 88 118 85 179 49 177 98
129 182 62 71 163 77 100 54 128 104 150 127 130 158 170 61 141 194 100 19 1
